100
287 293 45
28 125 73
37 218 70
200 279 90
219 237 88
267 284 53
205 299 88
23 267 63
167 207 22
240 280 74
157 278 48
191 273 100
99 295 41
211 285 60
250 262 100
256 271 61
190 234 68
55 97 64
50 240 39
259 264 63
150 268 14
248 296 54
220 254 45
3 182 97
221 257 87
251 274 55
167 189 58
57 80 27
12 258 84
111 153 34
217 238 87
28 149 2
135 288 19
250 253 69
77 291 33
77 152 90
265 272 68
230 298 78
41 191 12
141 202 36
222 269 11
58 228 81
8 78 50
217 221 34
126 265 24
137 216 73
67 109 50
10 86 42
170 220 97
53 118 5
152 170 55
277 287 30
68 255 72
201 211 72
141 176 85
4 154 47
297 300 78
93 137 49
195 233 70
47 65 76
156 266 5
56 256 76
3 44 5
151 244 85
117 186 90
62 282 71
190 290 100
159 231 43
18 222 23
133 171 99
91 232 24
51 121 47
127 160 29
55 163 65
188 294 13
236 286 60
95 217 3
113 172 25
207 210 4
246 247 76
18 58 41
149 283 77
4 213 65
135 229 34
254 281 12
69 127 86
3 236 67
143 169 83
208 230 69
61 66 45
78 227 38
131 292 78
166 201 11
30 82 90
188 259 50
251 275 66
12 226 63
89 144 52
116 192 42
40 43 51
